a = 8.871
b = 70.4295
kp_lead = 7.6112

wn = 17.33
zeta = 0.2669

c = 4.2
d = 0.042
kp_lag = 7.5106

  