Kp = 1.271620609150882 [V/mm]
Kd = 0.023204468491175 [V/(mm/s)]
Ki = 15.979655855447149[V/(mm*s)]